11	0	4096	4096	4096
12	4096	4096	4096	4096
75	0	2048	2048	2048
76	2048	2048	2048	2048
587	0	1024	1024	1024
588	1024	1024	1024	1024
4683	0	512	512	512	323	324	325	326	327	328	329	330	331	332	333	334	335	336	337	338	339	340	341	342	343	344	346	347	348	349	350	351	377	378	379	380	381	382	384	385
4684	512	512	512	512	295	296	297	298	299	300	304	305	306	307	308	309	310	311	312	313	314	315	316	317	318	319	320	321	322	323	324	350	351	352	353	354	355	356	357	358	359	360	361	362	363	364	365	366	367	382	383	386
4681	0	0	512	512	345	431	432	433	444	447	448	449	450	451	452	453	454	455	456	457	458	459	460	461	462	463	464	465	466	467	468	469
4682	512	0	512	512	383	415	416	417	418	419	420	421	422	423	424	425	426	427	428	429	430	431	432	437	438	439	440	443
585	0	0	1024	1024
4691	1024	512	512	512	266	267	268	269	270	271	272	273	274	275	276	277	278	282	283	284	285	286	289	290	291	292	293	294	295	296	297	301	302	303	318	366	367	368	369	370	371	372	373	374	375	376	387	388	389	390
4692	1536	512	512	512	142	143	144	145	146	147	148	149	150	151	152	153	154	155	156	157	158	159	160	161	162	170	171	172	173	175	176	177	178	179	180	181	182	183	184	206	207	208	209	210	211	212	213	214	215	216	217	260	261	262	263	264	265	266	267	280	281	282	283	288	470	471
4689	1024	0	512	512	287	391	392	393	394	395	396	397	398	399	400	401	402	403	404	405	406	407	408	409	410	411	412	413	414	415	416	434	435	436	441	442
4690	1536	0	512	512	260	279
586	1024	0	1024	1024
73	0	0	2048	2048
595	2048	1024	1024	1024
4771	3072	1536	512	512	2	3
4772	3584	1536	512	512	2	3	4	5	6	7	8	9	10	11	12	13	14	15	16	17	46
4769	3072	1024	512	512	0	1	39	40	41	95	96
4770	3584	1024	512	512	0	1	18	19	20	21	22	23	24	25	26	27	28	29	30	31	32	33	34	35	36	37	38	39	40	41	42	43	44	45	47	48	49	50	51	52	53	54	55	56	57	58	59	60	61	62	63	64	65	66	67	78	79	80	81	82	83	84	107	446	474
596	3072	1024	1024	1024
4747	2048	512	512	512	126	127	128	129	130	131	132	133	134	135	136	137	138	139	140	141	142	143	167	168	169	174	183	184	185	186	187	188	189	190	191	192	193	194	195	196	217	218	219	220	221	222	247	248	252	253	254	257	258	259	472
4748	2560	512	512	512	98	99	111	112	113	114	115	116	117	118	119	120	121	122	123	124	125	126	127	163	164	165	166	195	196	197	198	199	200	201	202	203	204	205	221	222	223	224	225	226	227	228	229	230	231	232	233	234	235	236	237	238	240	241	242	243	244	245	246	248	249	250	251	255	256	473
4745	2048	0	512	512	253	259
4746	2560	0	512	512	239	250	251	255
593	2048	0	1024	1024
4755	3072	512	512	512	86	87	88	89	90	91	92	93	94	97	98	99	103	104	105	108	109	110	111
4756	3584	512	512	512	68	69	70	71	72	73	74	75	76	77	85	86	87	100	101	102	106	445
4753	3072	0	512	512
4754	3584	0	512	512
594	3072	0	1024	1024
74	2048	0	2048	2048
9	0	0	4096	4096
83	4096	2048	2048	2048
84	6144	2048	2048	2048
5211	4096	1536	512	512
5212	4608	1536	512	512
5209	4096	1024	512	512	24	25
5210	4608	1024	512	512
651	4096	1024	1024	1024
652	5120	1024	1024	1024
649	4096	0	1024	1024
650	5120	0	1024	1024
81	4096	0	2048	2048
82	6144	0	2048	2048
10	4096	0	4096	4096
1	0	0	8192	8192
