11	0	7168	7168	7168
12	7168	7168	7168	7168
75	0	3584	3584	3584
76	3584	3584	3584	3584
587	0	1792	1792	1792
588	1792	1792	1792	1792
37467	0	1344	448	448
37468	448	1344	448	448
37465	0	896	448	448	47	52	53	54	55	56	57	58	59	60	61	62	63	64	65	66	67	68	69	70	72	73	74	75	76	77	79	80	81	82	83	84	85
37466	448	896	448	448	23	24	25	26	27	28	29	30	31	32	33	34	39	42	43	44	45	46	47	48	49	50	51	52	53	78
4683	0	896	896	896
37475	896	1344	448	448
37476	1344	1344	448	448
37473	896	896	448	448	9	10	11	12	13	14	15	16	17	18	19	20	21	22	23	24	34	36	37	38	40	41
37474	1344	896	448	448	0	1	2	3	4	5	6	7	8	9	10	35	36
4684	896	896	896	896
37451	0	448	448	448	71	86	87	88	89	90	91	92	93	94	95	96	97	98	99	100	101	102	103	104	105	106	107	108	109	115	127	128	129	130	135	136	137
37452	448	448	448	448	108	109	110	111	112	113	114	115	116	117	118	119	120	121	131	132	133	137	138	139	140	141	142	143
37449	0	0	448	448
37450	448	0	448	448
4681	0	0	896	896
37459	896	448	448	448	120	121	122	123	124	125	126	133	134	144	145	146	147	148	149	150	151	152	153	154	155	162	163	164	165	166	167	168	184
37460	1344	448	448	448	154	155	156	157	158	159	160	161	168	169	170	171	172	173	174	175	176	177	178	179	180	181	182	185	186	217	218
37457	896	0	448	448
37458	1344	0	448	448
4682	896	0	896	896
585	0	0	1792	1792
4691	1792	896	896	896
4692	2688	896	896	896
37515	1792	448	448	448	181	182	183	187	188	189	190	191	192	193	194	195	196	197	198	199	219
37516	2240	448	448	448	198	199	200	201	202	203	204	205	206	207	208	209	210	211	212	213	220	221	222
37513	1792	0	448	448
37514	2240	0	448	448	234	235	236	237	238	239	240
4689	1792	0	896	896
37523	2688	448	448	448	212	213	214	215	216	222	223	224	225	226	227	228	229	230	231	232	407	408	409	410	411	412	413	414	415	416	417	418	419	420	421	422	423
37524	3136	448	448	448
37521	2688	0	448	448	233	234	235	239	240	241	242	243	244	245	246	247	248	249	250	251	252	253	254	260	261	262	263
37522	3136	0	448	448	253	254	255	256	257	258	259	262	264	265	266	267	268	269	270	288
4690	2688	0	896	896
586	1792	0	1792	1792
73	0	0	3584	3584
595	3584	1792	1792	1792
596	5376	1792	1792	1792
4747	3584	896	896	896
4748	4480	896	896	896
37963	3584	448	448	448
37964	4032	448	448	448
37961	3584	0	448	448	270	271	272	273	274	275	276	277	278	279	280	281	282	283	289	290	291	292	294
37962	4032	0	448	448	282	283	284	285	286	287	292	293	294	295	296	297	298	299	300	301	302	303	304	305	306	307
4745	3584	0	896	896
37971	4480	448	448	448
37972	4928	448	448	448
37969	4480	0	448	448	306	307	308	309	310	311	312	313	314	315	316	317	318	319	320	321	322	323	324
37970	4928	0	448	448	320	321	324	325	326	328	329	330	331	332	333	334	335	336	337	338	339	340	341
4746	4480	0	896	896
593	3584	0	1792	1792
4755	5376	896	896	896
4756	6272	896	896	896
38027	5376	448	448	448
38028	5824	448	448	448
38025	5376	0	448	448	327	340	341	342	343	344	345	346	347	348	349	350	352	353	424
38026	5824	0	448	448	350	351	354	355	356	357	358	359	360	361	362	363	364	365	399
4753	5376	0	896	896
38035	6272	448	448	448
38036	6720	448	448	448
38033	6272	0	448	448	364	365	366	367	368	369	370	371	372	373	374	375	376	377	378	379	381	382	383	384	398	399	400	401	405
38034	6720	0	448	448	378	379	380	383	384	385	386	387	388	389	390	391	392	393	394	395	396	397	401	402	403	404	405	406
4754	6272	0	896	896
594	5376	0	1792	1792
74	3584	0	3584	3584
9	0	0	7168	7168
83	7168	3584	3584	3584
84	10752	3584	3584	3584
651	7168	1792	1792	1792
652	8960	1792	1792	1792
5195	7168	896	896	896
5196	8064	896	896	896
41547	7168	448	448	448
41548	7616	448	448	448
41545	7168	0	448	448	397
41546	7616	0	448	448
5193	7168	0	896	896
5194	8064	0	896	896
649	7168	0	1792	1792
650	8960	0	1792	1792
81	7168	0	3584	3584
82	10752	0	3584	3584
10	7168	0	7168	7168
1	0	0	14336	14336
